CODON	Amino acid	Preferred Codon	Total num	Frequency in 1000	Fraction	RSCU
GCT	Ala	TRUE	16468	18.0500706416719	0.230757374062916	0.923029496251664
GCC	Ala	FALSE	11709	12.833876435713886	0.1640720241014503	0.6562880964058012
GCA	Ala	FALSE	25292	27.72178689999792	0.3544034190429482	1.4176136761717928
GCG	Ala	FALSE	17896	19.615257724274976	0.2507671827926855	1.003068731170742
CGT	Arg	TRUE	11136	12.205828677778618	0.2820883045824151	1.6925298274944904
CGC	Arg	FALSE	8069	8.844183872215847	0.2043974972768954	1.2263849836613725
CGA	Arg	FALSE	4851	5.317032589431041	0.12288167793905312	0.7372900676343187
CGG	Arg	FALSE	6790	7.4423111280636505	0.17199888542695746	1.0319933125617449
AGA	Arg	TRUE	5892	6.458040819816058	0.14925146287711832	0.8955087772627099
AGG	Arg	FALSE	2739	3.0021340470937172	0.0693821718975606	0.4162930313853636
AAT	Asn	FALSE	23304	25.542800961472064	0.6320757275760124	1.2641514551520248
AAC	Asn	FALSE	13565	14.868181215343656	0.3679242724239876	0.7358485448479752
GAT	Asp	FALSE	32602	35.73405410856129	0.693379272209107	1.386758544418214
GAC	Asp	FALSE	14417	15.802032331854734	0.30662072779089306	0.6132414555817861
TGT	Cys	FALSE	3534	3.8735092086269427	0.5354545454545454	1.0709090909090908
TGC	Cys	FALSE	3066	3.360548736177195	0.46454545454545454	0.9290909090909091
CAA	Gln	TRUE	16761	18.371218971645778	0.533246373122932	1.066492746245864
CAG	Gln	FALSE	14671	16.08043395579114	0.46675362687706795	0.9335072537541359
GAA	Glu	TRUE	53335	58.45886067971647	0.7707369942196531	1.5414739884393063
GAG	Glu	FALSE	15865	17.389140802169344	0.22926300578034683	0.45852601156069367
GGT	Gly	TRUE	17334	18.99926672958105	0.2676528264595525	1.07061130583821
GGC	Gly	FALSE	16962	18.591528918146636	0.26190880595401694	1.0476352238160678
GGA	Gly	FALSE	19861	21.769034066932573	0.306672019517317	1.226688078069268
GGG	Gly	FALSE	10606	11.624911903423135	0.16376634806911353	0.6550653922764541
CAT	His	FALSE	13717	15.034783761951267	0.7113150798589504	1.4226301597179007
CAC	His	FALSE	5567	6.101818269503733	0.2886849201410496	0.5773698402820991
ATT	Ile	FALSE	40099	43.951286292227444	0.5877895045441219	1.7633685136323658
ATC	Ile	FALSE	17439	19.11435401506657	0.2556288478452067	0.76688654353562
ATA	Ile	FALSE	10682	11.70821317672694	0.15658164761067137	0.46974494283201407
TTA	Leu	FALSE	21875	23.97651780948341	0.25585992327126417	1.5351595396275848
TTG	Leu	FALSE	14358	15.73736423810573	0.16793768129503134	1.0076260877701881
CTT	Leu	TRUE	22422	24.576067763393695	0.26225788340975015	1.573547300458501
CTC	Leu	FALSE	8407	9.214655324540663	0.09833208571161224	0.5899925142696734
CTA	Leu	FALSE	5927	6.496403248311231	0.06932488069617292	0.4159492841770375
CTG	Leu	FALSE	12507	13.708539805403841	0.1462875456161692	0.877725273697015
AAA	Lys	TRUE	46471	50.93544041712016	0.7750462816257776	1.5500925632515552
AAG	Lys	FALSE	13488	14.783783872654276	0.22495371837422237	0.44990743674844474
ATG	Met	FALSE	26665	29.226690166394295	1	1
TTT	Phe	FALSE	29892	32.76370607364928	0.7310523612707575	1.462104722541515
TTC	Phe	FALSE	10997	12.053475033183501	0.2689476387292426	0.5378952774584852
CCT	Pro	FALSE	8341	9.142314745092623	0.24363243369552517	0.9745297347821007
CCC	Pro	FALSE	2681	2.9385620227302867	0.0783093819371422	0.3132375277485688
CCA	Pro	FALSE	10032	10.995768076102289	0.29302488608482297	1.1720995443392919
CCG	Pro	FALSE	13182	14.448386640667902	0.38503329828250965	1.5401331931300386
TCT	Ser	TRUE	10128	11.100990737117622	0.1842593603318415	1.105556161991049
TCC	Ser	FALSE	6928	7.593568703273192	0.12604155296001165	0.7562493177600699
TCA	Ser	TRUE	14169	15.530207124231792	0.2577775352035804	1.5466652112214823
TCG	Ser	FALSE	7391	8.101048828795058	0.13446494196412329	0.8067896517847396
AGT	Ser	FALSE	7838	8.590991844147702	0.14259724193137577	0.8555834515882546
AGC	Ser	FALSE	8512	9.329742610026184	0.15485936760906743	0.9291562056544045
ACT	Thr	FALSE	6944	7.611105813442414	0.14130191482001506	0.5652076592800602
ACC	Thr	FALSE	6276	6.8789314638773895	0.12770893107868872	0.5108357243147549
ACA	Thr	TRUE	21834	23.93157896467478	0.44429522007203465	1.7771808802881386
ACG	Thr	FALSE	14089	15.442521573385681	0.2866939340292615	1.146775736117046
TGG	Trp	FALSE	8861	9.712270825592343	1	1
TAT	Tyr	FALSE	19889	21.79972400972871	0.6677298059491036	1.3354596118982072
TAC	Tyr	FALSE	9897	10.847798709049478	0.3322701940508964	0.6645403881017928
GTT	Val	TRUE	20865	22.86948773005126	0.32263301943684186	1.2905320777473674
GTC	Val	FALSE	12917	14.157928253490159	0.19973403844072304	0.7989361537628922
GTA	Val	TRUE	16030	17.569992250789443	0.24786998809358135	0.9914799523743254
GTG	Val	FALSE	14859	16.286495000279498	0.22976295402885374	0.919051816115415
TAA	Stop	FALSE	2237	2.451907215534372	0.6548594847775175	1.9645784543325526
TAG	Stop	FALSE	305	0.33430116260079723	0.08928571428571429	0.26785714285714285
TGA	Stop	FALSE	874	0.95796464299376	0.25585480093676816	0.7675644028103044
