CODON	Amino acid	Preferred Codon	Total num	Frequency in 1000	Fraction	RSCU
GCT	Ala	FALSE	10969	18.589162394610852	0.335402397260274	1.341609589041096
GCC	Ala	FALSE	3337	5.655213320340635	0.1020364481409002	0.4081457925636008
GCA	Ala	TRUE	13061	22.13447443121637	0.3993701076320939	1.5974804305283756
GCG	Ala	FALSE	5337	9.04461297292717	0.1631910469667319	0.6527641878669276
CGT	Arg	FALSE	2029	3.4385459475490405	0.08733267335255886	0.5239960401153532
CGC	Arg	FALSE	875	1.4828623480066094	0.03766194636938837	0.22597167821633024
CGA	Arg	FALSE	1277	2.1641316781765028	0.05496492058709594	0.3297895235225757
CGG	Arg	FALSE	349	0.5914502393763504	0.01502173632333319	0.09013041793999914
AGA	Arg	TRUE	13670	23.16654662542897	0.5883872078509017	3.5303232471054105
AGG	Arg	FALSE	5033	8.529424225734017	0.2166315155167219	1.2997890931003315
AAT	Asn	FALSE	19168	32.48400627038936	0.638656582147736	1.277313164295472
AAC	Asn	TRUE	10845	18.379019616150487	0.36134341785226404	0.7226868357045281
GAT	Asp	FALSE	22074	37.40880396559759	0.751864845532886	1.503729691065772
GAC	Asp	FALSE	7285	12.345888234546456	0.248135154467114	0.496270308934228
TGT	Cys	FALSE	2576	4.365546752531458	0.6534753932014206	1.3069507864028411
TGC	Cys	FALSE	1366	2.314959962716604	0.3465246067985794	0.6930492135971588
CAA	Gln	TRUE	11356	19.24501122738635	0.7781279978073181	1.5562559956146362
CAG	Gln	FALSE	3238	5.4874380375376015	0.2218720021926819	0.4437440043853638
GAA	Glu	TRUE	35729	60.54993009363216	0.779088530309638	1.558177060619276
GAG	Glu	FALSE	10131	17.169003940177095	0.22091146969036196	0.4418229393807239
GGT	Gly	TRUE	15978	27.077913824513836	0.42780261854400387	1.7112104741760155
GGC	Gly	FALSE	4447	7.5363301275261625	0.119066106187582	0.476264424750328
GGA	Gly	FALSE	13182	22.339533110197856	0.35294117647058826	1.411764705882353
GGG	Gly	FALSE	3742	6.341566749989408	0.10019009879782591	0.40076039519130363
CAT	His	FALSE	5085	8.617548616701267	0.598939929328622	1.197879858657244
CAC	His	FALSE	3405	5.7704529085285765	0.4010600706713781	0.8021201413427562
ATT	Ile	FALSE	19570	33.16527560055925	0.36149029314516873	1.0844708794355062
ATC	Ile	FALSE	8050	13.642333601660805	0.14869682472246337	0.4460904741673901
ATA	Ile	FALSE	26517	44.93835529381858	0.4898128821323679	1.4694386463971036
TTA	Leu	FALSE	16592	28.1184595178579	0.3008467661511124	1.8050805969066743
TTG	Leu	FALSE	10609	17.97907045714528	0.19236278580624105	1.1541767148374462
CTT	Leu	TRUE	16362	27.728678557810447	0.2966763975267901	1.7800583851607403
CTC	Leu	FALSE	4892	8.290471550226666	0.08870192743558594	0.5322115646135156
CTA	Leu	FALSE	4536	7.687158412066262	0.08224692208663488	0.4934815325198092
CTG	Leu	FALSE	2160	3.6605516247934586	0.03916520099363566	0.23499120596181391
AAA	Lys	TRUE	37166	62.985213744015596	0.7318590867022429	1.4637181734044857
AAG	Lys	FALSE	13617	23.076727534635427	0.26814091329775713	0.5362818265955143
ATG	Met	FALSE	13392	22.69542007371944	1	1
TTT	Phe	FALSE	20284	34.37529127653264	0.6688429452303228	1.3376858904606457
TTC	Phe	FALSE	10043	17.01987035546329	0.33115705476967716	0.6623141095393543
CCT	Pro	FALSE	5915	10.024149472524678	0.29426396696681756	1.1770558678672702
CCC	Pro	FALSE	1252	2.121764182519171	0.06228545843490373	0.24914183373961493
CCA	Pro	TRUE	10475	17.75198068042198	0.5211183523207801	2.0844734092831203
CCG	Pro	FALSE	2459	4.167266872855145	0.12233222227749863	0.4893288891099945
TCT	Ser	FALSE	8085	13.701648095581069	0.2277400636601786	1.3664403819610715
TCC	Ser	FALSE	2674	4.531627335508198	0.07532182192050928	0.4519309315230557
TCA	Ser	TRUE	9680	16.404694318518835	0.2726683755387172	1.6360102532323033
TCG	Ser	FALSE	3341	5.661992119645808	0.09411002506971634	0.5646601504182981
AGT	Ser	FALSE	7713	13.071219760199975	0.21726148559195516	1.303568913551731
AGC	Ser	FALSE	4008	6.792356903783418	0.11289822821892341	0.6773893693135405
ACT	Thr	FALSE	7277	12.33233063593611	0.25348334958896473	1.013933398355859
ACC	Thr	FALSE	3020	5.117993475405669	0.10519715758673541	0.42078863034694164
ACA	Thr	TRUE	14243	24.137609625895013	0.4961334819562491	1.9845339278249965
ACG	Thr	FALSE	4168	7.06350887599034	0.14518601086805072	0.5807440434722029
TGG	Trp	FALSE	5352	9.07003347032157	1	1
TAT	Tyr	FALSE	12856	21.787060966826253	0.504275515807641	1.008551031615282
TAC	Tyr	FALSE	12638	21.41761640469432	0.495724484192359	0.991448968384718
GTT	Val	TRUE	21432	36.32080667711732	0.49136804456977784	1.9654721782791114
GTC	Val	FALSE	4916	8.331144346057703	0.11270834766260862	0.4508333906504345
GTA	Val	FALSE	12327	20.890564758717115	0.2826191622532499	1.1304766490129996
GTG	Val	FALSE	4942	8.37520654154133	0.11330444551436367	0.45321778205745467
TAA	Stop	FALSE	1136	1.9251790026691522	0.5772357723577236	1.7317073170731707
TAG	Stop	FALSE	240	0.4067279583103843	0.12195121951219512	0.36585365853658536
TGA	Stop	FALSE	592	1.0032622971656147	0.3008130081300813	0.9024390243902439
