CODON	Amino acid	Preferred Codon	Total num	Frequency in 1000	Fraction	RSCU
GCT	Ala	FALSE	41852	17.85611432828167	0.2150546474762475	0.86021858990499
GCC	Ala	TRUE	62585	26.701828233668834	0.32159024926648544	1.2863609970659418
GCA	Ala	FALSE	41082	17.52759459128518	0.21109803659608142	0.8443921463843257
GCG	Ala	TRUE	49092	20.945053154066795	0.25225706666118564	1.0090282666447425
CGT	Arg	FALSE	20957	8.94128328342251	0.1786341396887093	1.071804838132256
CGC	Arg	TRUE	32397	13.822147947370285	0.2761468828312791	1.6568812969876745
CGA	Arg	FALSE	7521	3.2088271973383926	0.0641078095432926	0.38464685725975556
CGG	Arg	FALSE	29510	12.59041225813801	0.2515385533336743	1.5092313200020457
AGA	Arg	FALSE	17184	7.3315365721397345	0.14647368690226564	0.8788421214135939
AGG	Arg	FALSE	9749	4.159401189582767	0.08309892770077908	0.4985935662046745
AAT	Asn	FALSE	50867	21.702355145195057	0.559974900372091	1.119949800744182
AAC	Asn	FALSE	39971	17.053587542190254	0.44002509962790903	0.8800501992558181
GAT	Asp	FALSE	71319	30.428180679028966	0.6120436640749704	1.2240873281499407
GAC	Asp	TRUE	45207	19.28752175376635	0.3879563359250296	0.7759126718500592
TGT	Cys	FALSE	7987	3.4076456355726292	0.4090862528170457	0.8181725056340914
TGC	Cys	TRUE	11537	4.9222496178291495	0.5909137471829543	1.1818274943659086
CAA	Gln	FALSE	29207	12.461137608384849	0.31222072563230924	0.6244414512646185
CAG	Gln	TRUE	64339	27.45017059560628	0.6877792743676907	1.3755585487353814
GAA	Glu	FALSE	76622	32.69070037421385	0.4852995199067682	0.9705990398135363
GAG	Glu	TRUE	81264	34.67120507439265	0.5147004800932318	1.0294009601864635
GGT	Gly	FALSE	32392	13.820014702324853	0.18738538611501593	0.7495415444600637
GGC	Gly	TRUE	66416	28.33632058747862	0.38421177464234685	1.5368470985693874
GGA	Gly	FALSE	41732	17.804916447191307	0.24141661315608315	0.9656664526243326
GGG	Gly	FALSE	32323	13.790575920697895	0.1869862260865541	0.7479449043462164
CAT	His	FALSE	32475	13.85542657007902	0.690325872074485	1.38065174414897
CAC	His	FALSE	14568	6.215422764369859	0.30967412792551496	0.6193482558510299
ATT	Ile	FALSE	70417	30.043343272833084	0.4617871570221919	1.3853614710665756
ATC	Ile	TRUE	62908	26.839635863603725	0.41254393788363675	1.2376318136509101
ATA	Ile	FALSE	19163	8.17587496112161	0.12566890509417133	0.377006715282514
TTA	Leu	FALSE	20006	8.535540075781396	0.08175357871121446	0.49052147226728676
TTG	Leu	FALSE	32762	13.9778748356868	0.13388037317488793	0.8032822390493276
CTT	Leu	FALSE	32489	13.861399656206228	0.1327647715059805	0.7965886290358832
CTC	Leu	FALSE	24780	10.572362445159603	0.10126230533159523	0.6075738319895714
CTA	Leu	FALSE	12915	5.510171952350133	0.05277654049061955	0.3166592429437173
CTG	Leu	TRUE	121759	51.94835669734415	0.49756243078570234	2.985374584714214
AAA	Lys	FALSE	54368	23.196053326006346	0.4491960936596328	0.8983921873192656
AAG	Lys	TRUE	66666	28.442982839750204	0.5508039063403671	1.1016078126807343
ATG	Met	FALSE	64108	27.35161467450734	1	1
TTT	Phe	FALSE	41159	17.56044656498483	0.43941836505919907	0.8788367301183981
TTC	Phe	TRUE	52508	22.40248616910575	0.5605816349408009	1.1211632698816019
CCT	Pro	FALSE	21028	8.971575363067641	0.22346439957492029	0.8938575982996811
CCC	Pro	FALSE	16792	7.164290160577887	0.17844845908607865	0.7137938363443146
CCA	Pro	FALSE	13922	5.939807504500081	0.1479489904357067	0.5917959617428268
CCG	Pro	TRUE	42358	18.071998726879357	0.45013815090329434	1.8005526036131774
TCT	Ser	FALSE	18242	7.782931223753086	0.11878235389874654	0.7126941233924793
TCC	Ser	FALSE	33674	14.366978731973546	0.21926745889630472	1.3156047533778286
TCA	Ser	FALSE	16660	7.107972491378491	0.10848119811167183	0.6508871886700309
TCG	Ser	FALSE	23805	10.156379661300416	0.15500569754191762	0.9300341852515058
AGT	Ser	FALSE	19969	8.519754062445204	0.1300276737750285	0.780166042650171
AGC	Ser	TRUE	41225	17.58860539958453	0.2684356177763308	1.6106137066579849
ACT	Thr	FALSE	20766	8.859793322687018	0.16389250621522433	0.6555700248608973
ACC	Thr	TRUE	43476	18.54899231903789	0.34312773765834026	1.372510950633361
ACA	Thr	FALSE	27953	11.926119750990573	0.2206148139378872	0.8824592557515488
ACG	Thr	FALSE	34510	14.723657303569729	0.2723649421885482	1.0894597687541927
TGG	Trp	FALSE	29898	12.755952073663511	1	1
TAT	Tyr	FALSE	54420	23.218239074478838	0.6363274946797315	1.272654989359463
TAC	Tyr	FALSE	31102	13.26963748060347	0.36367250532026846	0.7273450106405369
GTT	Val	FALSE	33841	14.438229116490964	0.21239565681290404	0.8495826272516162
GTC	Val	FALSE	34034	14.52057237524463	0.2136069792255068	0.8544279169020272
GTA	Val	FALSE	35022	14.942101596221937	0.21980794577292412	0.8792317830916965
GTG	Val	TRUE	56433	24.07708352976965	0.35418941818866506	1.4167576727546602
TAA	Stop	FALSE	3799	1.6208395855190207	0.4441197100771569	1.3323591302314706
TAG	Stop	FALSE	1920	0.8191660974457804	0.22445639466916062	0.6733691840074818
TGA	Stop	FALSE	2835	1.209549940759785	0.3314238952536825	0.9942716857610474
