CODON	Amino acid	Preferred Codon	Total num	Frequency in 1000	Fraction	RSCU
GCT	Ala	FALSE	13698	10.148207690797491	0.09086145253620063	0.36344581014480254
GCC	Ala	TRUE	72260	53.53405517134083	0.4793143933615023	1.9172575734460091
GCA	Ala	FALSE	15892	11.773639700843463	0.10541467394548844	0.42165869578195375
GCG	Ala	FALSE	48907	36.232909441804125	0.32440948015680865	1.2976379206272346
CGT	Arg	FALSE	16634	12.32335280542601	0.17735366243736006	1.0641219746241604
CGC	Arg	TRUE	54149	40.11646212943447	0.5773430003198635	3.4640580019191813
CGA	Arg	FALSE	5342	3.9576380116980725	0.056957031666488966	0.3417421899989338
CGG	Arg	FALSE	14002	10.373427075963388	0.14929096918648044	0.8957458151188826
AGA	Arg	FALSE	1255	0.9297708170499964	0.01338095745815119	0.08028574474890714
AGG	Arg	FALSE	2408	1.7839746035509096	0.025674378931655827	0.15404627358993497
AAT	Asn	FALSE	9711	7.194425820217144	0.257976250564514	0.515952501129028
AAC	Asn	TRUE	27932	20.693512718598008	0.742023749435486	1.484047498870972
GAT	Asp	FALSE	27151	20.114906337629048	0.371102879870973	0.742205759741946
GAC	Asp	TRUE	46012	34.088139310043374	0.628897120129027	1.257794240258054
TGT	Cys	FALSE	2442	1.8091636137339373	0.17880940177198507	0.35761880354397013
TGC	Cys	TRUE	11215	8.308669094195785	0.821190598228015	1.64238119645603
CAA	Gln	FALSE	9083	6.729169985071807	0.14818984223320772	0.29637968446641544
CAG	Gln	TRUE	52210	38.67994769576121	0.8518101577667923	1.7036203155335845
GAA	Glu	FALSE	34544	25.59203434595624	0.41492799058292196	0.8298559811658439
GAG	Glu	FALSE	48709	36.08622050015002	0.585072009417078	1.170144018834156
GGT	Gly	FALSE	20135	14.917080001037194	0.18774943120361046	0.7509977248144418
GGC	Gly	TRUE	68727	50.916620672027975	0.6408470403938682	2.563388161575473
GGA	Gly	FALSE	5724	4.240643949636797	0.05337361530715005	0.2134944612286002
GGG	Gly	FALSE	12658	9.377720320493111	0.11802991309537131	0.47211965238148523
CAT	His	FALSE	11783	8.729473734900486	0.38686059491759145	0.7737211898351829
CAC	His	TRUE	18675	13.835434269648355	0.6131394050824086	1.2262788101648172
ATT	Ile	FALSE	10515	7.790071825721684	0.16597215645420968	0.497916469362629
ATC	Ile	TRUE	50442	37.37011916624376	0.7961928212898949	2.3885784638696848
ATA	Ile	FALSE	2397	1.7758252179034593	0.03783502225589545	0.11350506676768633
TTA	Leu	FALSE	1254	0.9290299638093192	0.007770190722863198	0.046621144337179184
TTG	Leu	FALSE	14146	10.480109942620917	0.08765320411931642	0.5259192247158985
CTT	Leu	FALSE	8886	6.583221896658381	0.05506053808880572	0.3303632285328343
CTC	Leu	TRUE	31844	23.591730596127558	0.19731575229573817	1.183894513774429
CTA	Leu	FALSE	4309	3.192336614078434	0.02669996158278909	0.16019976949673453
CTG	Leu	TRUE	100947	74.7869120866502	0.6255003531904874	3.7530021191429244
AAA	Lys	FALSE	7935	5.878670464774281	0.1897326765817034	0.3794653531634068
AAG	Lys	TRUE	33887	25.10529376683126	0.8102673234182965	1.620534646836593
ATG	Met	FALSE	31284	23.17685278134828	1	1
TTT	Phe	FALSE	8074	5.9816490652284235	0.16852783401866037	0.33705566803732073
TTC	Phe	TRUE	39835	29.51188884237977	0.8314721659813397	1.6629443319626793
CCT	Pro	FALSE	5399	3.9998666464166783	0.08313444097131331	0.33253776388525325
CCC	Pro	FALSE	14960	11.083164480532227	0.23035585051506705	0.9214234020602682
CCA	Pro	FALSE	6803	5.040024596327591	0.10475339913462575	0.419013596538503
CCG	Pro	TRUE	37781	27.99017628602862	0.5817563093789939	2.3270252375159757
TCT	Ser	FALSE	2601	1.9269592790016263	0.034474074859505884	0.20684444915703531
TCC	Ser	TRUE	14241	10.550491000485257	0.1887525182907433	1.13251510974446
TCA	Ser	FALSE	2904	2.1514378109268444	0.038490085886968506	0.23094051532181106
TCG	Ser	TRUE	17945	13.294611403953935	0.23784593362315767	1.427075601738946
AGT	Ser	FALSE	6089	4.511055382484007	0.08070459124164987	0.48422754744989926
AGC	Ser	TRUE	31668	23.46134042576836	0.41973279609797476	2.5183967765878488
ACT	Thr	FALSE	5087	3.768720435325364	0.08155903289937792	0.3262361315975117
ACC	Thr	TRUE	39260	29.085898228990327	0.6294491117809273	2.5177964471237093
ACA	Thr	FALSE	3658	2.7100411543975196	0.05864811133200795	0.2345924453280318
ACG	Thr	FALSE	14367	10.643838508810598	0.23034374398768678	0.9213749759507471
TGG	Trp	FALSE	19366	14.34736385895636	1	1
TAT	Tyr	FALSE	10479	7.763401109057301	0.31384587738476744	0.6276917547695349
TAC	Tyr	TRUE	22910	16.97294774391667	0.6861541226152326	1.3723082452304651
GTT	Val	FALSE	8750	6.482465855926271	0.09404557179707652	0.3761822871883061
GTC	Val	TRUE	35063	25.976537177867748	0.3768594153052451	1.5074376612209803
GTA	Val	FALSE	7488	5.547509066191533	0.08048151332760103	0.32192605331040414
GTG	Val	TRUE	41739	30.922473412629326	0.4486134995700774	1.7944539982803096
TAA	Stop	FALSE	746	0.5526765175452568	0.17660984848484848	0.5298295454545454
TAG	Stop	FALSE	522	0.38672539163354436	0.12357954545454546	0.37073863636363635
TGA	Stop	FALSE	2956	2.1899621794420634	0.6998106060606061	2.0994318181818183
