CODON	Amino acid	Preferred Codon	Total num	Frequency in 1000	Fraction	RSCU
GCT	Ala	FALSE	10553	6.160184647930241	0.053949460403151184	0.21579784161260473
GCC	Ala	TRUE	108384	63.26783406436759	0.5540849347422665	2.216339738969066
GCA	Ala	FALSE	18281	10.671310106018453	0.09345684503269278	0.3738273801307711
GCG	Ala	FALSE	58391	34.08503191294369	0.29850875982188957	1.1940350392875583
CGT	Arg	FALSE	17661	10.309392690902682	0.15626023021862806	0.9375613813117684
CGC	Arg	TRUE	71361	41.65611074205913	0.6313847623934952	3.7883085743609706
CGA	Arg	FALSE	3530	2.0605943150946415	0.03123258097909275	0.18739548587455648
CGG	Arg	FALSE	15724	9.178692637549048	0.1391221255850579	0.8347327535103474
AGA	Arg	FALSE	1237	0.7220836169325981	0.010944674977659415	0.06566804986595648
AGG	Arg	FALSE	3510	2.048919559768326	0.03105562584606673	0.18633375507640038
AAT	Asn	FALSE	7774	4.537977395338737	0.15528434172942093	0.31056868345884187
AAC	Asn	TRUE	42289	24.685686399727278	0.844715658270579	1.689431316541158
GAT	Asp	FALSE	21794	12.721980879085727	0.24035025806167012	0.48070051612334025
GAC	Asp	TRUE	68882	40.20902481936235	0.7596497419383299	1.5192994838766598
TGT	Cys	FALSE	2327	1.3583577822167792	0.13623324161348868	0.27246648322697736
TGC	Cys	TRUE	14754	8.61246700422276	0.8637667583865113	1.7275335167730226
CAA	Gln	FALSE	12313	7.187563116645983	0.1479056805487153	0.2958113610974306
CAG	Gln	TRUE	70936	41.408022191374926	0.8520943194512847	1.7041886389025693
GAA	Glu	FALSE	38826	22.66420251497579	0.4134119851782444	0.8268239703564888
GAG	Glu	FALSE	55090	32.15811354633536	0.5865880148217556	1.1731760296435112
GGT	Gly	FALSE	19248	11.235784526045796	0.13949544509106193	0.5579817803642477
GGC	Gly	TRUE	93573	54.62209400746484	0.6781487574556286	2.7125950298225145
GGA	Gly	FALSE	3107	1.813673239943074	0.02251726661980099	0.09006906647920396
GGG	Gly	FALSE	22055	12.87433643609414	0.15983853083350846	0.6393541233340339
CAT	His	FALSE	10848	6.332387288993391	0.2722959913652451	0.5445919827304903
CAC	His	TRUE	28991	16.923141583260268	0.7277040086347549	1.4554080172695099
ATT	Ile	FALSE	10834	6.32421496026497	0.14246078186432432	0.42738234559297295
ATC	Ile	TRUE	62969	36.75738340713725	0.8280056279504004	2.484016883851201
ATA	Ile	FALSE	2246	1.3110750231452024	0.029533590185275283	0.08860077055582584
TTA	Leu	FALSE	1086	0.6339392142189181	0.005312227907295264	0.03187336744377158
TTG	Leu	FALSE	17205	10.043208269462694	0.08415919074126613	0.5049551444475967
CTT	Leu	FALSE	7164	4.181897357886122	0.03504309459287594	0.21025856755725564
CTC	Leu	FALSE	27782	16.217402623784512	0.13589715996360682	0.815382959781641
CTA	Leu	FALSE	2066	1.2060022252083653	0.010105951064891358	0.06063570638934815
CTG	Leu	TRUE	149131	87.05339682843596	0.7294823757300645	4.376894254380386
AAA	Lys	FALSE	9754	5.693778172643947	0.17829528213939716	0.3565905642787943
AAG	Lys	TRUE	44953	26.24076380919247	0.8217047178606028	1.6434094357212057
ATG	Met	FALSE	37540	21.913515747493722	1	1
TTT	Phe	FALSE	10836	6.325382435797602	0.18016759776536312	0.36033519553072624
TTC	Phe	TRUE	49308	28.782941781497613	0.8198324022346368	1.6396648044692737
CCT	Pro	FALSE	6311	3.683969043218777	0.07583878100365314	0.30335512401461256
CCC	Pro	TRUE	23555	13.749943085567784	0.2830585464333782	1.1322341857335128
CCA	Pro	FALSE	6443	3.7610224283724576	0.07742501442030379	0.30970005768121517
CCG	Pro	TRUE	46907	27.38138740457347	0.5636776581426649	2.2547106325706596
TCT	Ser	FALSE	2286	1.3344245337978329	0.02360399801751198	0.14162398810507185
TCC	Ser	FALSE	13715	8.005963465020681	0.1416136626466215	0.849681975879729
TCA	Ser	FALSE	2732	1.5947715775746631	0.028209152486370397	0.16925491491822237
TCG	Ser	TRUE	26231	15.312025348228765	0.27084710061126716	1.6250826036676027
AGT	Ser	FALSE	6463	3.7726971836987726	0.06673343796464563	0.4004006277878738
AGC	Ser	TRUE	45421	26.513953083828245	0.46899264827358333	2.8139558896415
ACT	Thr	FALSE	4098	2.392157366361994	0.04993055047883617	0.19972220191534468
ACC	Thr	TRUE	60776	35.477246485606784	0.7405024733776836	2.9620098935107344
ACA	Thr	FALSE	3287	1.918746037879911	0.040049223871140675	0.1601968954845627
ACG	Thr	FALSE	13913	8.121543542751203	0.1695177522723396	0.6780710090893584
TGG	Trp	TRUE	24947	14.562506056279327	1	1
TAT	Tyr	FALSE	9648	5.631901969414476	0.2218135000919625	0.443627000183925
TAC	Tyr	TRUE	33848	19.758355914255926	0.7781864999080376	1.5563729998160751
GTT	Val	FALSE	6850	3.998603699262973	0.05570373743616433	0.22281494974465732
GTC	Val	TRUE	31099	18.153660794653895	0.25289496796018607	1.0115798718407443
GTA	Val	FALSE	9085	5.303257606978702	0.07387860651205153	0.2955144260482061
GTG	Val	TRUE	75938	44.32787849848637	0.617522688091598	2.470090752366392
TAA	Stop	FALSE	983	0.5738142242883945	0.18788226299694188	0.5636467889908257
TAG	Stop	FALSE	816	0.47633001731366215	0.1559633027522936	0.46788990825688076
TGA	Stop	FALSE	3433	2.003971751762012	0.6561544342507645	1.9684633027522935
