CODON	Amino acid	Preferred Codon	Total num	Frequency in 1000	Fraction	RSCU
GCT	Ala	TRUE	22109	22.90983623544626	0.37711293431354154	1.5084517372541661
GCC	Ala	FALSE	13555	14.045991685353208	0.231207464137684	0.924829856550736
GCA	Ala	TRUE	17000	17.615777104463632	0.28996878571306733	1.1598751428522693
GCG	Ala	FALSE	5963	6.178992874936272	0.1017108158357071	0.4068432633428284
CGT	Arg	FALSE	7435	7.7043119277463	0.2459070613527369	1.4754423681164213
CGC	Arg	FALSE	2544	2.636149232573852	0.08414089631222094	0.5048453778733256
CGA	Arg	FALSE	6056	6.2753615379195145	0.2002976682652555	1.201786009591533
CGG	Arg	FALSE	1114	1.1543515114336758	0.03684471638829172	0.22106829832975028
AGA	Arg	TRUE	11941	12.373529082611778	0.3949396394906565	2.369637836943939
AGG	Arg	FALSE	1145	1.1864743990947562	0.037870018190838434	0.22722010914503057
AAT	Asn	TRUE	44905	46.53155711034937	0.7132759387508736	1.4265518775017472
AAC	Asn	FALSE	18051	18.70484661839253	0.28672406124912636	0.5734481224982527
GAT	Asp	TRUE	37521	38.880092513916466	0.7667204773484275	1.533440954696855
GAC	Asp	FALSE	11416	11.829512436738636	0.23327952265157242	0.46655904530314485
TGT	Cys	TRUE	5975	6.191427541127658	0.7780961062638364	1.5561922125276728
TGC	Cys	FALSE	1704	1.765722599176825	0.22190389373616357	0.44380778747232713
CAA	Gln	TRUE	31108	32.23479965680321	0.8756896745861953	1.7513793491723906
CAG	Gln	FALSE	4416	4.575957158430082	0.12431032541380475	0.2486206508276095
GAA	Glu	FALSE	54695	56.67617227815519	0.8656874693341352	1.7313749386682704
GAG	Glu	FALSE	8486	8.793381441675198	0.13431253066586474	0.2686250613317295
GGT	Gly	TRUE	23596	24.450698620995517	0.3900100824779756	1.5600403299119023
GGC	Gly	FALSE	6980	7.2328308346562435	0.1153699938843986	0.4614799755375944
GGA	Gly	FALSE	25909	26.847480529385187	0.4282408555230492	1.7129634220921968
GGG	Gly	FALSE	4016	4.1614682853838785	0.06637906811457663	0.2655162724583065
CAT	His	FALSE	11658	12.08027820493159	0.6970403587443946	1.3940807174887893
CAC	His	FALSE	5067	5.250537799312778	0.30295964125560537	0.6059192825112107
ATT	Ile	TRUE	50112	51.92716601522832	0.6500032427524483	1.950009728257345
ATC	Ile	FALSE	14166	14.679123438931283	0.18374732472923017	0.5512419741876905
ATA	Ile	TRUE	12817	13.281259714582962	0.16624943251832155	0.4987482975549647
TTA	Leu	TRUE	40175	41.63022618657802	0.45904842432413906	2.754290545944834
TTG	Leu	FALSE	24187	25.06310593092128	0.27636600470760303	1.658196028245618
CTT	Leu	FALSE	11672	12.094785315488206	0.133366850247949	0.800201101487694
CTC	Leu	FALSE	3013	3.1221374362205245	0.03442720354669897	0.20656322128019378
CTA	Leu	FALSE	5701	5.90750266309101	0.06514088530359469	0.3908453118215681
CTG	Leu	FALSE	2770	2.8703354458449564	0.03165063187001531	0.18990379122009185
AAA	Lys	TRUE	65763	68.14507939534363	0.8788437637814216	1.7576875275628432
AAG	Lys	FALSE	9066	9.394390307592191	0.12115623621857836	0.24231247243715673
ATG	Met	FALSE	21215	21.983453604187996	1	1
TTT	Phe	TRUE	44182	45.78236847231836	0.8175644418126977	1.6351288836253954
TTC	Phe	FALSE	9859	10.21611449840629	0.18243555818730223	0.36487111637460445
CCT	Pro	TRUE	10144	10.511437820451711	0.30437783178803973	1.217511327152159
CCC	Pro	FALSE	4069	4.216388061062501	0.12209319770756444	0.48837279083025775
CCA	Pro	TRUE	10974	11.371502232022582	0.32928256368710057	1.3171302547484023
CCG	Pro	FALSE	8140	8.434848566490233	0.2442464068172953	0.9769856272691811
TCT	Ser	TRUE	14252	14.768238546636216	0.2285036314954065	1.3710217889724392
TCC	Ser	FALSE	7041	7.29604038779579	0.11288900290198971	0.6773340174119383
TCA	Ser	TRUE	15382	15.93916961299174	0.2466210257972455	1.4797261547834732
TCG	Ser	FALSE	6358	6.588300637069398	0.10193840085937375	0.6116304051562426
AGT	Ser	FALSE	14550	15.077032757055637	0.2332814930015552	1.3996889580093312
AGC	Ser	FALSE	4788	4.961431810363051	0.0767664459444293	0.46059867566657586
ACT	Thr	TRUE	16617	17.218904008521893	0.28612507748467525	1.144500309938701
ACC	Thr	FALSE	15133	15.681150289520478	0.26057235346786967	1.0422894138714787
ACA	Thr	TRUE	17640	18.278959301337558	0.3037399269922171	1.2149597079688683
ACG	Thr	FALSE	8686	9.000625878198301	0.14956264205523798	0.5982505682209519
TGG	Trp	FALSE	9958	10.318700494485226	1	1
TAT	Tyr	TRUE	29561	30.631763940297024	0.7628842034633152	1.5257684069266304
TAC	Tyr	FALSE	9188	9.520809413871284	0.23711579653668483	0.47423159307336965
GTT	Val	TRUE	26142	27.088920297934603	0.4307890053391339	1.7231560213565356
GTC	Val	FALSE	3320	3.4402576462834853	0.054709643398589414	0.21883857359435765
GTA	Val	TRUE	19540	20.24778144830702	0.3219959132555534	1.2879836530222135
GTG	Val	FALSE	11682	12.10514753731436	0.19250543800672335	0.7700217520268934
TAA	Stop	FALSE	2169	2.247565914093036	0.7702414772727273	2.310724431818182
TAG	Stop	FALSE	407	0.42174242832451164	0.14453125	0.43359375
TGA	Stop	FALSE	240	0.24869332382772183	0.08522727272727272	0.2556818181818182
