CODON	Amino acid	Preferred Codon	Total num	Frequency in 1000	Fraction	RSCU
GCT	Ala	FALSE	9203	4.175370080340599	0.03242833735619021	0.12971334942476084
GCC	Ala	TRUE	128498	58.299109484255816	0.4527845804189644	1.8111383216758576
GCA	Ala	FALSE	18543	8.412896598908587	0.06533941753730686	0.26135767014922745
GCG	Ala	TRUE	127551	57.86945877621686	0.44944766468753855	1.7977906587501542
CGT	Arg	FALSE	13877	6.295948126142181	0.08940501884482814	0.5364301130689688
CGC	Arg	TRUE	108295	49.13307648054821	0.697709628579712	4.186257771478272
CGA	Arg	FALSE	3939	1.7871110231947864	0.02537770189736817	0.15226621138420898
CGG	Arg	FALSE	23313	10.577029521132282	0.1501981122958477	0.9011886737750862
AGA	Arg	FALSE	1619	0.7345348429937445	0.010430692909834746	0.06258415745900847
AGG	Arg	FALSE	4172	1.8928223378442877	0.02687884547240924	0.16127307283445544
AAT	Asn	FALSE	13732	6.230162114879616	0.21334907712385806	0.4266981542477161
AAC	Asn	TRUE	50632	22.97156773962895	0.7866509228761419	1.5733018457522838
GAT	Asp	FALSE	25691	11.65592010583835	0.2041479597918074	0.4082959195836148
GAC	Asp	TRUE	100154	45.43953222062723	0.7958520402081927	1.5917040804163853
TGT	Cys	FALSE	2062	0.9355224498166158	0.10305362586835924	0.20610725173671848
TGC	Cys	TRUE	17947	8.142493407787974	0.8969463741316408	1.7938927482632816
CAA	Gln	FALSE	13143	5.962934800164783	0.1663649827217377	0.3327299654434754
CAG	Gln	TRUE	65858	29.879552618827685	0.8336350172782623	1.6672700345565246
GAA	Glu	TRUE	54119	24.55360788633629	0.49902719250523286	0.9980543850104657
GAG	Glu	FALSE	54330	24.649337875139057	0.5009728074947671	1.0019456149895343
GGT	Gly	FALSE	15916	7.221035553482666	0.08596691170513285	0.3438676468205314
GGC	Gly	TRUE	142454	64.63089964412036	0.7694351872356744	3.0777407489426976
GGA	Gly	FALSE	9096	4.12682454099512	0.04913012244721591	0.19652048978886363
GGG	Gly	FALSE	17675	8.019087924591991	0.09546777861197682	0.3818711144479073
CAT	His	FALSE	12807	5.810492732687391	0.2553178764378701	0.5106357528757401
CAC	His	TRUE	37354	16.947383894495573	0.7446821235621299	1.4893642471242599
ATT	Ile	FALSE	8025	3.6409154509109323	0.08170184172749763	0.2451055251824929
ATC	Ile	TRUE	88292	40.05778280272	0.8988933345550432	2.6966800036651293
ATA	Ile	FALSE	1906	0.8647457756306837	0.01940482371745925	0.05821447115237775
TTA	Leu	FALSE	1936	0.8783566745125937	0.008578974422603115	0.05147384653561869
TTG	Leu	FALSE	18773	8.517246823669897	0.08318857791091337	0.4991314674654802
CTT	Leu	FALSE	6455	2.928611742757641	0.028603966889412767	0.1716238013364766
CTC	Leu	FALSE	51224	23.240156144231975	0.2269883191236684	1.3619299147420103
CTA	Leu	FALSE	2461	1.1165474049460193	0.01090540085435241	0.06543240512611447
CTG	Leu	TRUE	144819	65.70389217264427	0.6417347607990499	3.850408564794299
AAA	Lys	FALSE	16471	7.472837182798002	0.2286019624987856	0.4572039249975712
AAG	Lys	TRUE	55580	25.21645866188531	0.7713980375012144	1.5427960750024288
ATG	Met	FALSE	53227	24.148910492914165	1	1
TTT	Phe	FALSE	8797	3.9911692488054165	0.11384460089036132	0.22768920178072263
TTC	Phe	TRUE	68475	31.066876697959636	0.8861553991096387	1.7723107982192774
CCT	Pro	FALSE	4876	2.2122247649397764	0.04276855335982247	0.17107421343928988
CCC	Pro	FALSE	27814	12.619118050048183	0.24396319588804394	0.9758527835521758
CCA	Pro	FALSE	4947	2.2444372256269634	0.043391311212272715	0.17356524484909086
CCG	Pro	TRUE	76372	34.64971898030775	0.6698769395398609	2.6795077581594438
TCT	Ser	FALSE	2223	1.008567607149533	0.01972055888223553	0.11832335329341317
TCC	Ser	TRUE	21925	9.947298599529244	0.19449988911066757	1.1669993346640053
TCA	Ser	FALSE	2593	1.1764353600264235	0.023002883122643602	0.1380172987358616
TCG	Ser	TRUE	44141	20.026622918213018	0.3915812818806831	2.3494876912840983
AGT	Ser	FALSE	4437	2.013051944634493	0.03936127744510978	0.2361676646706587
AGC	Ser	FALSE	37406	16.970976119224215	0.33183410955866044	1.9910046573519626
ACT	Thr	FALSE	3523	1.598373225365634	0.029669617065714454	0.11867846826285781
ACC	Thr	TRUE	45767	20.764333637612538	0.3854355277452607	1.5417421109810427
ACA	Thr	FALSE	4506	2.044357012062886	0.037948139227394075	0.1517925569095763
ACG	Thr	TRUE	64945	29.465327596188224	0.5469467159616308	2.187786863846523
TGG	Trp	FALSE	31202	14.156242230445221	1	1
TAT	Tyr	FALSE	15463	7.015510980365825	0.2795141085663672	0.5590282171327344
TAC	Tyr	TRUE	39858	18.083440254505664	0.7204858914336328	1.4409717828672657
GTT	Val	FALSE	5659	2.567469225757628	0.03385946437546371	0.13543785750185483
GTC	Val	TRUE	77041	34.953242025374344	0.4609590024651174	1.8438360098604696
GTA	Val	FALSE	5730	2.599681686444815	0.03428427829500036	0.13713711318000144
GTG	Val	TRUE	78702	35.706832126802766	0.4708972548644185	1.883589019457674
TAA	Stop	FALSE	1657	0.7517753149108305	0.2523990860624524	0.7571972581873572
TAG	Stop	FALSE	749	0.33981877541835365	0.11408987052551409	0.34226961157654223
TGA	Stop	FALSE	4159	1.8869242816621268	0.6335110434120335	1.9005331302361004
