CODON	Amino acid	Preferred Codon	Total num	Frequency in 1000	Fraction	RSCU
GCT	Ala	FALSE	2276	3.1785356670525786	0.02334885820390242	0.09339543281560968
GCC	Ala	TRUE	64699	90.3550435512455	0.6637292517285952	2.654917006914381
GCA	Ala	FALSE	3213	4.487098022073785	0.03296128357167771	0.13184513428671085
GCG	Ala	FALSE	27290	38.11170402190899	0.2799606064958247	1.1198424259832989
CGT	Arg	FALSE	4616	6.446450192932645	0.08331979567155827	0.49991877402934964
CGC	Arg	TRUE	34473	48.14308438062546	0.6222450858287757	3.733470514972654
CGA	Arg	FALSE	1561	2.1800062285892245	0.028176386707821157	0.16905832024692696
CGG	Arg	FALSE	13588	18.976248964811262	0.24526633093265465	1.4715979855959278
AGA	Arg	FALSE	117	0.16339572629400337	0.002111875236909081	0.012671251421454486
AGG	Arg	FALSE	1046	1.4607857239617739	0.018880525622281187	0.11328315373368712
AAT	Asn	FALSE	282	0.39382559670862355	0.025371120107962213	0.050742240215924425
AAC	Asn	TRUE	10833	15.128768401221697	0.9746288798920378	1.9492577597840757
GAT	Asp	FALSE	1889	2.638072880080106	0.04354240140147062	0.08708480280294124
GAC	Asp	TRUE	41494	57.94822450293484	0.9564575985985294	1.9129151971970588
TGT	Cys	FALSE	329	0.45946319616006076	0.06508407517309595	0.1301681503461919
TGC	Cys	TRUE	4726	6.600070106542392	0.9349159248269041	1.8698318496538082
CAA	Gln	FALSE	419	0.5851522163862173	0.019562984405640117	0.039125968811280235
CAG	Gln	TRUE	20999	29.326041508100655	0.9804370155943599	1.9608740311887198
GAA	Glu	FALSE	1203	1.6800432370229579	0.026814372325249643	0.053628744650499285
GAG	Glu	TRUE	43661	60.97453680104685	0.9731856276747504	1.9463712553495007
GGT	Gly	FALSE	8213	11.469821367971365	0.11942533916912652	0.4777013566765061
GGC	Gly	TRUE	42004	58.66046228421639	0.6107807069840485	2.443122827936194
GGA	Gly	FALSE	2655	3.707826096671615	0.038606389321080105	0.15442555728432042
GGG	Gly	FALSE	15899	22.203663695285126	0.23118756452574488	0.9247502581029795
CAT	His	FALSE	408	0.5697902250252425	0.023623414973076254	0.04724682994615251
CAC	His	TRUE	16863	23.54993275637418	0.9763765850269237	1.9527531700538474
ATT	Ile	FALSE	209	0.29187783585851884	0.010949861162047467	0.0328495834861424
ATC	Ile	TRUE	18843	26.31509120134962	0.9872164300309111	2.9616492900927334
ATA	Ile	FALSE	35	0.048879063421283064	0.0018337088070414418	0.005501126421124326
TTA	Leu	FALSE	8	0.011172357353436128	1.1159001827286549e-4	6.695401096371929e-4
TTG	Leu	FALSE	1547	2.1604546032207113	0.021578719783515363	0.1294723187010922
CTT	Leu	FALSE	506	0.7066516026048352	0.007058068655758742	0.04234841193455245
CTC	Leu	FALSE	25045	34.97646123960098	0.3493465009554895	2.0960790057329373
CTA	Leu	FALSE	175	0.2443953171064153	0.0024410316497189325	0.014646189898313596
CTG	Leu	TRUE	44410	62.02054875826231	0.6194640889372446	3.7167845336234673
AAA	Lys	FALSE	92	0.12848210956451547	0.007018614586512054	0.014037229173024107
AAG	Lys	TRUE	13016	18.17742541404058	0.9929813854134879	1.9859627708269758
ATG	Met	FALSE	14199	19.829537757679947	1	1
TTT	Phe	FALSE	214	0.2988605592044164	0.012031935229956145	0.02406387045991229
TTC	Phe	TRUE	17572	24.540082926822457	0.9879680647700438	1.9759361295400877
CCT	Pro	FALSE	880	1.2289593088779742	0.021285859416573943	0.08514343766629577
CCC	Pro	TRUE	17794	24.85011584338031	0.43040975279376903	1.7216390111750761
CCA	Pro	FALSE	691	0.9650123664030457	0.016714237337332495	0.06685694934932998
CCG	Pro	TRUE	21977	30.691862194558222	0.5315901504523245	2.126360601809298
TCT	Ser	FALSE	321	0.4482908388066246	0.009272364886334095	0.05563418931800457
TCC	Ser	TRUE	13854	19.347729846813017	0.40018486958028826	2.40110921748173
TCA	Ser	FALSE	434	0.60610038642391	0.012536468413299055	0.07521881047979434
TCG	Ser	FALSE	10359	14.466806228030608	0.2992287472197348	1.795372483318409
AGT	Ser	FALSE	599	0.8365302568385301	0.0173026372801063	0.10381582368063781
AGC	Ser	FALSE	9052	12.64152234541298	0.2614749126202374	1.5688494757214246
ACT	Thr	FALSE	615	0.8588749715454023	0.013774104683195593	0.05509641873278237
ACC	Thr	TRUE	32609	45.53992511727484	0.7303411050639432	2.921364420255773
ACA	Thr	FALSE	538	0.7513410320185796	0.012049541983023136	0.04819816793209254
ACG	Thr	FALSE	10887	15.20418181335739	0.24383524826983807	0.9753409930793523
TGG	Trp	FALSE	11743	16.399624050175056	1	1
TAT	Tyr	FALSE	249	0.3477396226256995	0.021532341750259427	0.043064683500518855
TAC	Tyr	TRUE	11315	15.801902931766223	0.9784676582497406	1.9569353164994812
GTT	Val	FALSE	588	0.8211682654775555	0.00847689757082102	0.03390759028328408
GTC	Val	FALSE	19786	27.632032824385902	0.2852447199596338	1.1409788798385352
GTA	Val	FALSE	348	0.4859975448744716	0.005016939378649174	0.020067757514596697
GTG	Val	TRUE	48643	67.93212234289919	0.701261443090896	2.805045772363584
TAA	Stop	FALSE	19	0.026534348714410804	0.008861940298507462	0.02658582089552239
TAG	Stop	FALSE	76	0.10613739485764322	0.03544776119402985	0.10634328358208955
TGA	Stop	FALSE	2049	2.8615200271488286	0.9556902985074627	2.8670708955223883
