CODON	Amino acid	Preferred Codon	Total num	Frequency in 1000	Fraction	RSCU
GCT	Ala	TRUE	15281	16.68659536016336	0.19875913737936057	0.7950365495174423
GCC	Ala	FALSE	6401	6.989784497114434	0.08325745948336412	0.3330298379334565
GCA	Ala	TRUE	33514	36.59672514236731	0.43591477849171456	1.7436591139668582
GCG	Ala	FALSE	21686	23.680747790098987	0.2820686246455607	1.1282744985822428
CGT	Arg	TRUE	20497	22.382379758999306	0.5459315488080969	3.275589292848582
CGC	Arg	FALSE	9706	10.598788990625325	0.25851644693035025	1.5510986815821015
CGA	Arg	FALSE	4106	4.48368304095483	0.10936209881475563	0.6561725928885338
CGG	Arg	FALSE	864	0.9434734893777333	0.023012385137834598	0.13807431082700758
AGA	Arg	FALSE	1979	2.1610347632853406	0.05271008123585031	0.3162604874151019
AGG	Arg	FALSE	393	0.42914939968223287	0.010467439073112265	0.0628046344386736
AAT	Asn	FALSE	21176	23.123836355396854	0.5735489287939113	1.1470978575878226
AAC	Asn	TRUE	15745	17.193275567421775	0.42645107120608866	0.8529021424121773
GAT	Asp	FALSE	34091	37.22679945182443	0.6808939841815131	1.3617879683630263
GAC	Asp	TRUE	15977	17.44661567105098	0.31910601581848685	0.6382120316369737
TGT	Cys	FALSE	4473	4.8844408772993075	0.6835268948655256	1.3670537897310513
TGC	Cys	FALSE	2071	2.2614972181727846	0.31647310513447435	0.6329462102689487
CAA	Gln	TRUE	34379	37.54129061495034	0.874049780082882	1.748099560165764
CAG	Gln	FALSE	4954	5.40968479904779	0.12595021991711794	0.2519004398342359
GAA	Glu	TRUE	51835	56.60294944663751	0.8326640107948339	1.6653280215896678
GAG	Glu	FALSE	10417	11.375189049592418	0.1673359892051661	0.3346719784103322
GGT	Gly	TRUE	28186	30.778638624537955	0.4843121756761401	1.9372487027045604
GGC	Gly	FALSE	15642	17.080801297276047	0.2687721227533592	1.0750884910134368
GGA	Gly	FALSE	8141	8.88983527433348	0.13988453211450566	0.5595381284580226
GGG	Gly	FALSE	6229	6.801963385803127	0.10703116945599506	0.4281246778239802
CAT	His	FALSE	13732	14.99511337515629	0.6598750600672754	1.3197501201345507
CAC	His	TRUE	7078	7.7290571271013855	0.34012493993272463	0.6802498798654493
ATT	Ile	FALSE	42491	46.39945837633017	0.6415285200954193	1.9245855602862578
ATC	Ile	TRUE	19634	21.43999825282687	0.29643385572364644	0.8893015671709394
ATA	Ile	FALSE	4109	4.4869589905707254	0.06203762418093426	0.1861128725428028
TTA	Leu	TRUE	45230	49.39040037564222	0.5309931908898803	3.1859591453392815
TTG	Leu	FALSE	8747	9.551577096744252	0.10268842451279643	0.6161305470767786
CTT	Leu	TRUE	11895	12.989140227023308	0.13964545667997183	0.837872740079831
CTC	Leu	FALSE	7272	7.940901868929255	0.08537215308757924	0.5122329185254755
CTA	Leu	FALSE	8645	9.440194809803826	0.10149096031932378	0.6089457619159427
CTG	Leu	FALSE	3391	3.7029150491665437	0.03980981451044846	0.2388588870626908
AAA	Lys	TRUE	50328	54.95733075625297	0.8552783631296309	1.7105567262592618
AAG	Lys	FALSE	8516	9.299328976320345	0.14472163687036912	0.28944327374073825
ATG	Met	FALSE	26944	29.422395483557462	1	1
TTT	Phe	FALSE	22893	24.99877151889404	0.5836626469163501	1.1673252938327001
TTC	Phe	TRUE	16330	17.832085742521283	0.4163373530836499	0.8326747061672998
CCT	Pro	FALSE	5973	6.52241568524676	0.1899930020993702	0.7599720083974808
CCC	Pro	FALSE	869	0.9489334054042249	0.027641707487753672	0.11056682995101469
CCA	Pro	TRUE	16102	17.58311357171327	0.5121827088237165	2.048730835294866
CCG	Pro	FALSE	8494	9.275305345803782	0.27018258158915964	1.0807303263566386
TCT	Ser	TRUE	9813	10.715631193592243	0.2034836702954899	1.2209020217729394
TCC	Ser	FALSE	1300	1.4195781668877931	0.02695697252462416	0.16174183514774496
TCA	Ser	TRUE	16003	17.475007234388734	0.3318403317781234	1.9910419906687402
TCG	Ser	FALSE	6173	6.740812326306422	0.12800414722654224	0.7680248833592535
AGT	Ser	FALSE	8617	9.409619280055473	0.17868325557283565	1.072099533437014
AGC	Ser	FALSE	6319	6.900241874279974	0.13103162260238466	0.7861897356143079
ACT	Thr	TRUE	6486	7.08260306956479	0.11141649774968221	0.44566599099872883
ACC	Thr	FALSE	2761	3.0149656298286134	0.04742845363658227	0.18971381454632907
ACA	Thr	TRUE	27227	29.731426730656885	0.4677053629711066	1.8708214518844264
ACG	Thr	FALSE	21740	23.739714883185098	0.3734496856426289	1.4937987425705157
TGG	Trp	FALSE	8297	9.060184654360016	1	1
TAT	Tyr	FALSE	21584	23.56936550315856	0.6367713004484304	1.2735426008968609
TAC	Tyr	TRUE	12312	13.4444972236327	0.3632286995515695	0.726457399103139
GTT	Val	TRUE	17471	19.07803857976664	0.2593021357436514	1.0372085429746056
GTC	Val	FALSE	15745	17.193275567421775	0.2336850854149042	0.9347403416596168
GTA	Val	TRUE	21956	23.97558325552953	0.3258678777624412	1.3034715110497648
GTG	Val	FALSE	12205	13.327655020665782	0.18114490107900322	0.7245796043160129
TAA	Stop	FALSE	2413	2.634955474384804	0.7224550898203593	2.167365269461078
TAG	Stop	FALSE	577	0.6300743094571205	0.17275449101796408	0.5182634730538922
TGA	Stop	FALSE	350	0.3821941218544059	0.10479041916167664	0.31437125748503
