CODON	Amino acid	Preferred Codon	Total num	Frequency in 1000	Fraction	RSCU
GCT	Ala	FALSE	5645	4.858605541478462	0.03791644277270285	0.1516657710908114
GCC	Ala	TRUE	61562	52.98591219565936	0.4135008060182698	1.654003224073079
GCA	Ala	FALSE	12493	10.75262338878484	0.08391321869962386	0.3356528747984954
GCG	Ala	TRUE	69180	59.54266277404429	0.46466953250940357	1.8586781300376143
CGT	Arg	FALSE	6872	5.9146744519114245	0.07803858776502118	0.46823152659012707
CGC	Arg	TRUE	49633	42.71871901509309	0.5636334730124122	3.3818008380744726
CGA	Arg	FALSE	3503	3.015003580478132	0.039780147401174214	0.23868088440704527
CGG	Arg	FALSE	23831	20.511147680951858	0.27062537616825083	1.623752257009505
AGA	Arg	FALSE	1252	1.0775862068965516	0.014217740378609796	0.08530644227165878
AGG	Arg	FALSE	2968	2.5545334361573206	0.033704675274531845	0.2022280516471911
AAT	Asn	FALSE	7031	6.051524457419852	0.263491230700045	0.52698246140009
AAC	Asn	TRUE	19653	16.915177095956814	0.736508769299955	1.47301753859991
GAT	Asp	FALSE	25006	21.522460614740552	0.3551231981822055	0.710246396364411
GAC	Asp	TRUE	45409	39.083156604605044	0.6448768018177945	1.289753603635589
TGT	Cys	FALSE	1898	1.633593147515699	0.17212297088963455	0.3442459417792691
TGC	Cys	TRUE	9129	7.857255976644266	0.8278770291103654	1.6557540582207309
CAA	Gln	FALSE	6659	5.731347086041644	0.19921617902231795	0.3984323580446359
CAG	Gln	TRUE	26767	23.038138977635782	0.8007838209776821	1.6015676419553642
GAA	Glu	FALSE	19482	16.767998788145864	0.27826658287150774	0.5565331657430155
GAG	Glu	TRUE	50530	43.49075961220668	0.7217334171284923	1.4434668342569845
GGT	Gly	FALSE	10754	9.25588024677757	0.10291598480280975	0.411663939211239
GGC	Gly	TRUE	59385	51.11218601961001	0.568315580948006	2.273262323792024
GGA	Gly	FALSE	6919	5.955126969262973	0.06621496176777392	0.26485984707109567
GGG	Gly	FALSE	27435	23.61308113914289	0.26255347248141025	1.050213889925641
CAT	His	FALSE	10328	8.889225515038008	0.4025725979341259	0.8051451958682518
CAC	His	TRUE	15327	13.191824115897322	0.5974274020658741	1.1948548041317482
ATT	Ile	FALSE	6177	5.316493610223642	0.10854552164057146	0.3256365649217144
ATC	Ile	TRUE	48336	41.602401674562074	0.8493858400548263	2.548157520164479
ATA	Ile	FALSE	2394	2.0604963093533106	0.042068638304602245	0.12620591491380673
TTA	Leu	FALSE	524	0.4510025338768316	0.004531578355659717	0.027189470133958296
TTG	Leu	FALSE	9052	7.790982703536411	0.0782821512889919	0.46969290773395134
CTT	Leu	FALSE	11134	9.582943153024127	0.09628739200747191	0.5777243520448314
CTC	Leu	TRUE	36018	31.000399361022364	0.3114854755995261	1.8689128535971564
CTA	Leu	FALSE	1981	1.7050305717748153	0.017131787638476906	0.10279072583086142
CTG	Leu	TRUE	56924	48.99402335573427	0.4922816151098735	2.9536896906592407
AAA	Lys	FALSE	6339	5.4559256913077006	0.20751628637836775	0.4150325727567355
AAG	Lys	TRUE	24208	20.835628511622783	0.7924837136216323	1.5849674272432646
ATG	Met	FALSE	32213	27.725466839264076	1	1
TTT	Phe	FALSE	10514	9.049314200727114	0.25775293569659974	0.5155058713931995
TTC	Phe	TRUE	30277	26.05916740112372	0.7422470643034003	1.4844941286068005
CCT	Pro	FALSE	3239	2.787780929822629	0.05367470378656061	0.21469881514624245
CCC	Pro	TRUE	23581	20.295974716315964	0.39076974065788384	1.5630789626315353
CCA	Pro	FALSE	3705	3.1888633359039327	0.0613969674372359	0.2455878697489436
CCG	Pro	TRUE	29820	25.66583122176931	0.49415858811831964	1.9766343524732786
TCT	Ser	FALSE	2368	2.0381183210311775	0.04372230428360414	0.26233382570162483
TCC	Ser	FALSE	10688	9.199074584113694	0.19734121122599704	1.1840472673559823
TCA	Ser	FALSE	2330	2.0054120304065224	0.04302067946824224	0.2581240768094535
TCG	Ser	TRUE	20221	17.404050071609564	0.37335672082717875	2.2401403249630727
AGT	Ser	FALSE	2157	1.856512338878484	0.039826440177252585	0.23895864106351553
AGC	Ser	TRUE	16396	14.111903712680402	0.30273264401772526	1.8163958641063516
ACT	Thr	FALSE	2073	1.784214222760824	0.033157919992322336	0.13263167996928935
ACC	Thr	TRUE	33903	29.180036080202708	0.5422831459236392	2.169132583694557
ACA	Thr	FALSE	4691	4.037505508427895	0.07503318991026728	0.3001327596410691
ACG	Thr	FALSE	21852	18.807838492894128	0.3495257441737712	1.3981029766950848
TGG	Trp	FALSE	16465	14.171291450919908	1	1
TAT	Tyr	FALSE	11384	9.798116117660019	0.4540161123075696	0.9080322246151392
TAC	Tyr	TRUE	13690	11.782871543461496	0.5459838876924304	1.091967775384861
GTT	Val	FALSE	6267	5.393955877492564	0.0739861873561183	0.2959447494244732
GTC	Val	FALSE	29240	25.166629943814037	0.3451980402573638	1.3807921610294551
GTA	Val	FALSE	2887	2.4848173956152912	0.034082993920075556	0.13633197568030223
GTG	Val	TRUE	46311	39.859500661011346	0.5467327784664423	2.186931113865769
TAA	Stop	FALSE	427	0.36751542359810513	0.11102444097763911	0.3330733229329173
TAG	Stop	FALSE	462	0.3976396386471301	0.12012480499219969	0.36037441497659906
TGA	Stop	FALSE	2957	2.5450658257133414	0.7688507540301612	2.3065522620904835
