CODON	Amino acid	Preferred Codon	Total num	Frequency in 1000	Fraction	RSCU
GCT	Ala	FALSE	10497	4.219841819247495	0.029960440915396076	0.1198417636615843
GCC	Ala	TRUE	185077	74.40179712116498	0.5282450722395694	2.1129802889582776
GCA	Ala	FALSE	15016	6.036500405622596	0.04285852917839263	0.17143411671357053
GCG	Ala	FALSE	139772	56.188980733529675	0.3989359576666419	1.5957438306665677
CGT	Arg	FALSE	15639	6.28694924370883	0.08085931440980301	0.4851558864588181
CGC	Arg	TRUE	99375	39.94920270436505	0.5138048704823949	3.0828292228943694
CGA	Arg	FALSE	7648	3.0745308405834852	0.039542939868672765	0.2372576392120366
CGG	Arg	FALSE	61896	24.882473968195008	0.32002481774468744	1.9201489064681247
AGA	Arg	FALSE	1529	0.6146649653833877	0.007905485755648622	0.047432914533891736
AGG	Arg	FALSE	7323	2.943879360040908	0.03786257173879324	0.22717543043275942
AAT	Asn	FALSE	1502	0.6038108423844659	0.033142100617828775	0.06628420123565755
AAC	Asn	TRUE	43818	17.615035613583572	0.9668578993821713	1.9337157987643425
GAT	Asp	FALSE	8407	3.379652298219843	0.0596613489269899	0.1193226978539798
GAC	Asp	TRUE	132505	53.26761362859764	0.9403386510730101	1.8806773021460201
TGT	Cys	FALSE	1783	0.716774122484356	0.08544182480352693	0.17088364960705385
TGC	Cys	TRUE	19085	7.672256942015666	0.9145581751964731	1.8291163503929462
CAA	Gln	FALSE	3869	1.5553556252899456	0.05002715353383848	0.10005430706767696
CAG	Gln	TRUE	73469	29.534872689177313	0.9499728464661615	1.899945692932323
GAA	Glu	FALSE	15183	6.103635166393706	0.11448844784942994	0.22897689569885987
GAG	Glu	TRUE	117433	47.20860096786617	0.8855115521505701	1.7710231043011402
GGT	Gly	FALSE	20477	8.231847283293414	0.08738717593086526	0.34954870372346103
GGC	Gly	TRUE	157436	63.28998920215764	0.6718702656566734	2.6874810626266936
GGA	Gly	FALSE	15120	6.0783088793962206	0.06452576549663928	0.25810306198655714
GGG	Gly	FALSE	41292	16.599572106351108	0.17621679291582204	0.7048671716632882
CAT	His	FALSE	4437	1.7836942128228197	0.0770406125744448	0.1540812251488896
CAC	His	TRUE	53156	21.36895415298846	0.9229593874255552	1.8459187748511103
ATT	Ile	FALSE	1432	0.5756705234983723	0.019349782450071615	0.058049347350214844
ATC	Ile	TRUE	71554	28.765033965364893	0.966867551279626	2.900602653838878
ATA	Ile	FALSE	1020	0.41004464662593554	0.013782666270302408	0.04134799881090722
TTA	Leu	FALSE	109	0.04381849655120292	4.1275996304094274e-4	0.002476559778245657
TTG	Leu	FALSE	7479	3.006592070701345	0.028321392326451478	0.16992835395870887
CTT	Leu	FALSE	4880	1.9617822309162405	0.01847952862054863	0.11087717172329178
CTC	Leu	FALSE	92174	37.05436790009704	0.3490434571865675	2.0942607431194054
CTA	Leu	FALSE	940	0.3778842821846857	0.0035595813326466624	0.021357487995879974
CTG	Leu	TRUE	158494	63.71531002189317	0.6001832805707448	3.601099683424469
AAA	Lys	FALSE	1550	0.6231070610492159	0.03603142870426333	0.07206285740852666
AAG	Lys	TRUE	41468	16.67032490812186	0.9639685712957367	1.9279371425914733
ATG	Met	FALSE	41149	16.542085454912378	1	1
TTT	Phe	FALSE	1087	0.4369789518454823	0.016121138416361397	0.032242276832722794
TTC	Phe	TRUE	66340	26.668982212906435	0.9838788615836386	1.9677577231672772
CCT	Pro	FALSE	5297	2.1294181305662554	0.03442896791092796	0.13771587164371185
CCC	Pro	FALSE	54926	22.080502216251116	0.3570031133614554	1.4280124534458216
CCA	Pro	FALSE	3928	1.5790738940653677	0.025530863876557494	0.10212345550622998
CCG	Pro	TRUE	89702	36.06061263886242	0.5830370548510592	2.3321482194042367
TCT	Ser	FALSE	1692	0.6801917079324342	0.012737894483257047	0.07642736689954227
TCC	Ser	TRUE	48802	19.61862631827344	0.36739641050349314	2.2043784630209586
TCA	Ser	FALSE	2913	1.17103927021701	0.02192995663695495	0.13157973982172969
TCG	Ser	FALSE	36810	14.797787688530088	0.2771169597687304	1.6627017586123825
AGT	Ser	FALSE	3658	1.4705326640761494	0.027538544928932786	0.1652312695735967
AGC	Ser	FALSE	38957	15.660891469222129	0.29328023367863165	1.75968140207179
ACT	Thr	FALSE	2963	1.1911394979927912	0.019390219162483884	0.07756087664993554
ACC	Thr	TRUE	98169	39.464385210413205	0.642429438056659	2.569717752226636
ACA	Thr	FALSE	3894	1.5654057391778362	0.025482792243912335	0.10193116897564934
ACG	Thr	FALSE	47783	19.20898367620302	0.3126975505369448	1.2507902021477793
TGG	Trp	FALSE	38784	15.591344681117926	1	1
TAT	Tyr	FALSE	2284	0.9181784047976832	0.045995529331212114	0.09199105866242423
TAC	Tyr	TRUE	47373	19.04416180844161	0.9540044706687879	1.9080089413375758
GTT	Val	FALSE	4178	1.6795750329442733	0.019948814912431483	0.07979525964972593
GTC	Val	TRUE	124871	50.198710851791375	0.5962250997918218	2.3849003991672872
GTA	Val	FALSE	2412	0.969634987903683	0.011516644702916403	0.046066578811665614
GTG	Val	FALSE	77975	31.34630521633071	0.3723094405928303	1.489237762371321
TAA	Stop	FALSE	311	0.12502341676535877	0.04051589369463262	0.12154768108389787
TAG	Stop	FALSE	1320	0.5306460132806226	0.1719645648775404	0.5158936946326211
TGA	Stop	FALSE	6045	2.4301175380919418	0.787519541427827	2.3625586242834813
