CODON	Amino acid	Preferred Codon	Total num	Frequency in 1000	Fraction	RSCU
GCT	Ala	FALSE	8991	6.106829787147334	0.053851866936594835	0.21540746774637934
GCC	Ala	TRUE	109870	74.625446414623255	0.6580696941745828	2.6322787766983313
GCA	Ala	FALSE	4865	3.3043851534280706	0.029139064914529403	0.11655625965811761
GCG	Ala	FALSE	43232	29.363860010894623	0.25893937397429295	1.0357574958971718
CGT	Arg	FALSE	5745	3.902095109238287	0.0580197539841241	0.34811852390474457
CGC	Arg	TRUE	49705	33.760424265394086	0.5019794380819649	3.0118766284917893
CGA	Arg	FALSE	2475	1.6810592507162332	0.024995455371750592	0.14997273223050356
CGG	Arg	FALSE	27757	18.852994594800197	0.28032276959744695	1.6819366175846815
AGA	Arg	FALSE	2865	1.945953435677579	0.02893413318790523	0.17360479912743138
AGG	Arg	FALSE	10471	7.112069258282697	0.10574844977680825	0.6344906986608495
AAT	Asn	FALSE	9047	6.1448658752443475	0.22956685021188053	0.45913370042376106
AAC	Asn	TRUE	30362	20.622351907170213	0.7704331497881195	1.540866299576239
GAT	Asp	FALSE	22580	15.336694093403048	0.3072108843537415	0.614421768707483
GAC	Asp	TRUE	50920	34.58567153392751	0.6927891156462586	1.3855782312925171
TGT	Cys	FALSE	1891	1.2843971891330896	0.1040611930442439	0.2081223860884878
TGC	Cys	TRUE	16281	11.058313398347876	0.8959388069557561	1.7918776139115122
CAA	Gln	FALSE	15368	10.438189319194775	0.2640232274468707	0.5280464548937414
CAG	Gln	TRUE	42839	29.09692817835665	0.7359767725531293	1.4719535451062586
GAA	Glu	FALSE	33724	22.905875624708788	0.3577611813629806	0.7155223627259611
GAG	Glu	TRUE	60540	41.11972809630737	0.6422388186370195	1.284477637274039
GGT	Gly	FALSE	7199	4.889674968042894	0.057164864135181924	0.2286594565407277
GGC	Gly	TRUE	88288	59.96660974837769	0.7010656375561802	2.804262550224721
GGA	Gly	FALSE	9366	6.361535734225551	0.07437229024727238	0.2974891609890895
GGG	Gly	FALSE	21081	14.318549520949055	0.1673972080613655	0.669588832245462
CAT	His	FALSE	10346	7.027167275923292	0.3573377542914378	0.7146755085828757
CAC	His	TRUE	18607	12.638169486091698	0.6426622457085621	1.2853244914171242
ATT	Ile	FALSE	9001	6.113621945736086	0.1383470896543244	0.4150412689629732
ATC	Ile	TRUE	44329	30.108959808080765	0.681345199120825	2.044035597362475
ATA	Ile	FALSE	11731	7.967881240465508	0.18030771122485054	0.5409231336745516
TTA	Leu	FALSE	3030	2.058024052391995	0.017874840719241114	0.1072490443154467
TTG	Leu	FALSE	26965	18.315055634571	0.15907428382651376	0.9544457029590826
CTT	Leu	FALSE	13487	9.160584288650439	0.07956368870640426	0.47738213223842557
CTC	Leu	TRUE	27724	18.83058047145731	0.16355184293737315	0.981311057624239
CTA	Leu	FALSE	3133	2.1279832858561445	0.018482467317947993	0.11089480390768795
CTG	Leu	TRUE	95173	64.64301093673376	0.5614528764925197	3.3687172589551184
AAA	Lys	FALSE	17204	11.685229636089728	0.2719355093653679	0.5438710187307358
AAG	Lys	TRUE	46061	31.28536167565269	0.7280644906346321	1.4561289812692642
ATG	Met	FALSE	37698	25.60507944787901	1	1
TTT	Phe	FALSE	13355	9.070927795278907	0.2549004638024164	0.5098009276048328
TTC	Phe	TRUE	39038	26.51522869877184	0.7450995361975836	1.4901990723951672
CCT	Pro	FALSE	4853	3.2962345631215677	0.06339812927836129	0.25359251711344516
CCC	Pro	TRUE	41236	28.008145156579634	0.538694675236453	2.154778700945812
CCA	Pro	FALSE	2885	1.9595377528550837	0.0376887704446883	0.1507550817787532
CCG	Pro	FALSE	27574	18.728698092626022	0.36021842504049745	1.4408737001619898
TCT	Ser	FALSE	2591	1.7598482903457615	0.034088965490020655	0.20453379294012392
TCC	Ser	TRUE	24560	16.681541493976034	0.3231281329351244	1.9387687976107464
TCA	Ser	FALSE	2271	1.5424992155056831	0.029878826950149328	0.17927296170089596
TCG	Ser	FALSE	13314	9.043079945065022	0.1751680766245214	1.0510084597471285
AGT	Ser	FALSE	2302	1.5635549071308155	0.030286684121199364	0.18172010472719616
AGC	Ser	TRUE	30969	21.03463593350748	0.4074493138789848	2.444695883273909
ACT	Thr	FALSE	2862	1.9439157881009532	0.046779228845556624	0.1871169153822265
ACC	Thr	TRUE	46159	31.351924829822465	0.7544662558637486	3.0178650234549944
ACA	Thr	FALSE	1697	1.1526293125112919	0.027737369444762263	0.11094947777904905
ACG	Thr	FALSE	10463	7.106635531411696	0.17101714584593256	0.6840685833837302
TGG	Trp	FALSE	20186	13.71065132725571	1	1
TAT	Tyr	FALSE	14492	9.843196226820062	0.3851284913231816	0.7702569826463632
TAC	Tyr	TRUE	23137	15.71501732679656	0.6148715086768184	1.2297430173536368
GTT	Val	FALSE	8737	5.934308958993022	0.08417959340976973	0.3367183736390789
GTC	Val	FALSE	22017	14.954295564856285	0.21213026303112054	0.8485210521244821
GTA	Val	FALSE	4069	2.763729329763375	0.039204162250698525	0.1568166490027941
GTG	Val	TRUE	68967	46.84348013904907	0.6644859813084112	2.6579439252336448
TAA	Stop	FALSE	1118	0.7593633302225247	0.24794854734974495	0.7438456420492349
TAG	Stop	FALSE	1468	0.9970888808288607	0.325571080062098	0.9767132401862941
TGA	Stop	FALSE	1923	1.3061320966170975	0.426480372588157	1.2794411177644711
